Ahnak	chr19:8989283-9019196	15	2.603	0.835	6.713	0.000E+00	1
Ubash3a	chr17:31208065-31242403	8	3.116	1.0	3.107	1.005E-43	2
Gpr132	chr12:112850875-112860916	6	2.636	0.846	-1.062	7.285E-103	3
Socs3	chr11:117966086-117969366	1	0.786	0.252	-2.472	0.000E+00	4
Rps4x	chrX:102184940-102189391	1	0.773	0.248	-1.941	0.000E+00	5
Dennd4a	chr9:64811010-64919667	2	0.728	0.234	2.985	0.000E+00	6
Zc3hav1	chr6:38305285-38354603	3	0.695	0.223	-1.608	0.000E+00	7
Stk17b	chr1:53755511-53785215	5	0.685	0.215	-1.948	0.000E+00	8
H2-D1	chr17:35263093-35267497	4	1.878	0.6	1.759	3.016E-253	9
Jak1	chr4:101151973-101265282	3	0.652	0.209	-1.877	0.000E+00	10
