Socs3	chr11:117966086-117969366	1	0.786	0.252	-2.472	0.000E+00	4
Jak1	chr4:101151973-101265282	3	0.652	0.209	-1.877	0.000E+00	10
Il7r	chr15:9506158-9529876	0	0.0	0.0	-3.985	0.000E+00	29
Il2rb	chr15:78480548-78495066	3	1.546	0.496	2.229	5.291E-253	37
Jak2	chr19:29251802-29313080	4	1.583	0.508	2.600	5.173E-119	85
Tyk2	chr9:21104067-21131275	5	2.191	0.703	1.717	4.769E-23	89
Ptpn11	chr5:121130532-121191397	8	2.287	0.734	0.672	1.116E-08	120
Pim1	chr17:29493084-29496110	3	1.073	0.344	1.923	1.229E-133	121
Il2ra	chr2:11642791-11693194	6	1.938	0.622	5.440	1.224E-24	149
Il10	chr1:131019844-131024970	7	2.042	0.656	5.358	5.574E-15	173
Crebbp	chr16:4084047-4213404	0	0.0	0.0	-1.624	1.254E-208	176
Stat4	chr1:52008239-52107189	3	1.669	0.536	2.200	2.657E-33	192
Stat5a	chr11:100860483-100885169	3	1.861	0.597	0.861	7.689E-17	210
Stat5b	chr11:100780730-100850581	8	0.058	0.018	-1.622	1.148E-173	215
Ifngr1	chr10:19591948-19610227	8	1.367	0.439	1.407	1.440E-66	223
Cish	chr9:107296658-107302784	13	1.005	0.323	5.330	1.729E-84	228
Ifng	chr10:118441045-118445894	3	1.917	0.615	8.487	4.496E-12	248
Stat6	chr10:127642985-127660987	2	1.582	0.508	1.799	7.073E-35	257
Bcl2l1	chr2:152758731-152830717	2	1.395	0.448	3.026	1.844E-52	269
Il21r	chr7:125603428-125633570	3	0.928	0.298	1.680	1.449E-67	344
Pik3cd	chr4:149649167-149701629	5	1.02	0.327	-1.087	1.565E-51	389
Ccnd2	chr6:127125708-127151048	1	0.595	0.191	-1.468	1.493E-91	452
Ep300	chr15:81586213-81652077	1	0.855	0.274	1.845	2.511E-58	479
Sos1	chr17:80393751-80480453	0	0.0	-0.0	-2.473	3.798E-119	498
Il12rb1	chr8:70808448-70821423	3	1.638	0.526	7.184	7.097E-09	534
Socs1	chr16:10783808-10785536	2	0.348	0.112	-2.533	4.169E-79	594
Jak3	chr8:71676382-71690577	1	0.409	0.131	3.085	8.159E-77	609
Ptpn6	chr6:124720706-124733154	5	1.639	0.521	1.153	1.932E-04	804
Il21	chr3:37222758-37232636	4	1.673	0.537	1.190	2.125E-02	850
Mycbp2	chr14:103113410-103346800	0	0.0	0.0	-1.077	3.449E-77	885
Bcl2l11	chr2:128126037-128162547	0	0.0	0.0	3.341	1.261E-75	905
Ahctf1	chr1:179744903-179804015	0	0.0	-0.277	-1.703	1.207E-93	944
Il6ra	chr3:89869323-89913196	0	0.0	0.0	-2.709	6.583E-63	1111
Pias1	chr9:62880076-62980879	1	0.003	0.001	-1.819	1.168E-52	1158
Ifnar1	chr16:91485214-91510522	1	0.001	-0.284	2.799	3.709E-76	1219
Stat3	chr11:100886805-100939540	1	0.018	-0.324	-0.729	1.852E-70	1380
Cbl	chr9:44149261-44234046	0	0.0	0.0	-1.083	3.238E-47	1468
Pik3r5	chr11:68432124-68497846	4	0.106	0.034	2.391	1.749E-32	1574
Akt3	chr1:177020075-177248767	0	0.0	0.0	-2.363	9.746E-44	1590
Akt1	chr12:112653820-112674884	1	0.85	0.273	1.219	8.435E-12	1667
Il4ra	chr7:125552270-125579474	0	0.0	0.0	1.080	5.031E-38	1804
Il2rg	chrX:101264384-101268255	2	1.39	0.446	0.000	1.000E+00	1873
Leprotl1	chr8:34135571-34146739	4	0.532	0.169	-1.059	9.826E-19	2029
Irf9	chr14:55603984-55610030	3	0.555	0.178	1.523	6.583E-17	2120
Il15ra	chr2:11705711-11733985	1	0.989	0.317	4.521	6.497E-04	2158
Pik3ca	chr3:32436150-32468486	1	0.322	0.103	1.573	2.038E-19	2174
Ifngr2	chr16:91547058-91564007	0	0.0	-0.0	-4.018	2.979E-31	2233
Carmil2	chr8:105686273-105698194	1	0.0	0.0	3.423	3.756E-28	2267
Cbll1	chr12:31484828-31499616	0	0.0	-0.0	-2.241	1.156E-29	2365
Pik3r1	chr13:101680760-101692630	1	0.0	0.0	-0.943	4.034E-26	2371
Cblb	chr16:52031548-52208046	0	0.0	0.0	0.717	1.101E-26	2381
Rspry1	chr8:94601940-94660275	1	0.651	0.209	2.227	1.535E-12	2387
Il10ra	chr9:45253836-45269149	1	0.855	0.274	0.982	1.361E-04	2717
Pias3	chr3:96697075-96706070	1	0.82	0.263	3.757	7.703E-05	2947
Ccnd3	chr17:47505050-47599688	1	0.01	-0.05	2.596	1.854E-26	2988
Pik3cg	chr12:32173396-32208470	1	0.923	0.296	0.000	1.000E+00	3057
Nfil3	chr13:52967208-52981039	1	0.872	0.28	0.482	1.047E-02	3182
Socs7	chr11:97362550-97398542	0	0.0	0.0	3.007	2.500E-15	3559
Tiprl	chr1:165214917-165236960	0	0.0	-0.033	-1.484	6.858E-21	3587
Socs4	chr14:47277142-47291591	2	1.229	0.081	7.184	5.725E-09	3677
Spry1	chr3:37639946-37644599	2	0.427	0.137	6.690	1.011E-07	3747
Stat1	chr1:52119437-52161865	0	0.0	-0.355	5.029	2.611E-23	3831
Atp5mpl	chr12:111961373-111967009	1	0.789	0.233	-1.445	2.600E-04	3860
Ppil2	chr16:17086555-17111252	2	0.768	0.247	-0.461	1.873E-03	3876
Neil2	chr14:63182444-63193525	2	0.827	0.265	0.000	1.000E+00	4027
Il12rb2	chr6:67292017-67376188	1	0.809	0.26	0.000	1.000E+00	4246
Stambp	chr6:83543205-83572504	1	0.804	0.258	0.000	1.000E+00	4288
Epop	chr11:97627386-97629716	0	0.0	0.0	-2.653	7.340E-11	4387
Pik3cb	chr9:99038401-99140211	0	0.0	0.0	-1.828	9.928E-10	4716
Crlf2	chr5:109554708-109558993	1	0.565	0.181	0.615	2.199E-03	5063
Bcl2l13	chr6:120836229-120892842	0	0.0	-0.35	2.593	4.316E-15	5125
Leprot	chr4:101647782-101659358	0	0.0	0.0	3.976	4.686E-08	5220
Ghrl	chr6:113716118-113719454	0	0.0	0.0	-6.930	4.893E-08	5224
Socs5	chr17:87107678-87137588	2	0.001	0.0	6.184	7.992E-07	5237
Chil5	chr3:106016918-106032895	0	0.0	0.0	-6.052	5.427E-08	5242
Csf2rb	chr15:78325989-78351001	0	0.0	0.0	6.705	7.826E-08	5298
Clcf1	chr19:4214237-4223505	0	0.0	0.0	6.555	1.514E-07	5398
Csf2rb2	chr15:78282507-78305721	1	0.028	0.009	5.260	4.428E-05	5415
Sos2	chr12:69583760-69681852	1	0.66	0.212	0.000	1.000E+00	5438
Ifnar2	chr16:91372782-91405589	1	0.019	0.006	1.705	3.672E-05	5448
Mosmo	chr7:120677619-120734854	0	0.0	0.0	5.266	1.331E-06	5709
Akt1s1	chr7:44850006-44855421	1	0.034	0.011	4.140	3.325E-04	5809
Bcl2l12	chr7:44991221-44997579	1	0.555	0.178	0.000	1.000E+00	5939
Spred2	chr11:19924441-20022597	0	0.0	0.0	1.317	1.947E-05	6247
Akt2	chr7:27596829-27640826	0	0.0	0.0	0.544	3.994E-05	6438
Spred1	chr2:117121070-117182277	0	0.0	0.0	1.896	4.789E-05	6481
Il4i1b	chr7:44816369-44840803	1	0.361	0.116	0.000	1.000E+00	6484
Stat2	chr10:128270497-128292853	0	0.0	-0.0	0.905	1.930E-05	6518
Il10rb	chr16:91406234-91425834	0	0.0	0.0	2.999	6.354E-05	6557
Stam2	chr2:52692205-52742149	0	0.0	0.0	-0.662	1.512E-04	6810
Il3ra	chr14:14346494-14355490	0	0.0	0.0	3.625	1.791E-04	6878
Myc	chr15:61985340-61990361	0	0.0	0.0	3.039	4.033E-04	7148
Stambpl1	chr19:34232624-34240333	0	0.0	0.0	1.446	4.258E-04	7163
Neil3	chr8:53586866-53639065	0	0.0	0.0	5.091	4.353E-04	7174
Il9r	chr11:32188996-32200279	0	0.0	0.0	4.483	8.561E-04	7392
Lif	chr11:4266795-4272514	0	0.0	0.0	4.614	1.509E-03	7656
Il23a	chr10:128296139-128298084	1	0.021	0.007	0.000	1.000E+00	7698
Acsf3	chr8:122775485-122817887	0	0.0	0.0	2.969	2.995E-03	7955
Dcbld2	chr16:58408534-58469745	0	0.0	0.0	4.178	3.669E-03	8045
Ppil4	chr10:7792893-7822563	0	0.0	-0.377	1.512	2.082E-07	8071
Nprl2	chr9:107542208-107545706	3	0.003	0.001	1.203	4.640E-02	8267
Pik3r2	chr8:70768175-70776712	0	0.0	0.0	-1.673	5.493E-03	8270
Il27	chr7:126589294-126594910	3	0.002	0.001	0.000	1.000E+00	8402
Lifr	chr15:7129571-7185343	0	0.0	0.0	3.550	1.093E-02	8649
Il11	chr7:4772377-4782857	1	0.001	0.0	0.000	1.000E+00	8801
Osm	chr11:4236784-4241026	0	0.0	0.0	2.040	1.669E-02	8923
Ppil6	chr10:41490438-41514288	3	0.0	0.0	0.000	1.000E+00	8989
Il11ra1	chr4:41762309-41769473	1	0.0	0.0	0.000	1.000E+00	9086
Csf3r	chr4:126024658-126044975	0	0.0	0.0	3.216	2.369E-02	9130
Csf2ra	chr19:61224401-61228418	0	0.0	0.0	1.956	2.530E-02	9184
Il20rb	chr9:100457718-100486473	0	0.0	0.0	-1.137	3.317E-02	9352
Ghr	chr15:3317754-3583352	0	0.0	0.0	-4.209	4.355E-02	9530
Socs2	chr10:95411489-95415283	0	0.0	0.0	1.232	4.557E-02	9573
Acsf2	chr11:94557101-94601786	0	0.0	0.0	0.000	1.000E+00	9628
Adgrb2	chr4:129985077-130022633	0	0.0	0.0	0.000	1.000E+00	9628
Bcl2l10	chr9:75347757-75351640	0	0.0	0.0	0.000	1.000E+00	9628
Bcl2l14	chr6:134396328-134438724	0	0.0	0.0	0.000	1.000E+00	9628
Bcl2l15	chr3:103832695-103854618	0	0.0	0.0	0.000	1.000E+00	9628
Bmyc	chr2:25706878-25707719	0	0.0	0.0	0.000	1.000E+00	9628
Cblc	chr7:19779717-19796809	0	0.0	0.0	0.000	1.000E+00	9628
Cbln1	chr8:87468852-87472592	0	0.0	0.0	0.000	1.000E+00	9628
Cbln2	chr18:86711060-86718283	0	0.0	0.0	0.000	1.000E+00	9628
Cbln3	chr14:55878919-55884256	0	0.0	0.0	0.000	1.000E+00	9628
Cbln4	chr2:172036335-172043466	0	0.0	0.0	0.000	1.000E+00	9628
Ccnd1	chr7:144929930-144939925	0	0.0	0.0	0.000	1.000E+00	9628
Chil3	chr3:106147553-106167564	0	0.0	0.0	0.000	1.000E+00	9628
Chil4	chr3:106201490-106219479	0	0.0	0.0	0.000	1.000E+00	9628
Chil6	chr3:106387383-106406182	0	0.0	0.0	0.000	1.000E+00	9628
Cntf	chr19:12763527-12765632	0	0.0	0.0	0.000	1.000E+00	9628
Cntfr	chr4:41657497-41695453	0	0.0	0.0	0.000	1.000E+00	9628
Csf2	chr11:54247269-54249899	0	0.0	0.0	0.000	1.000E+00	9628
Csf3	chr11:98701312-98703629	0	0.0	0.0	0.000	1.000E+00	9628
Ctf1	chr7:127712702-127718187	0	0.0	0.0	0.000	1.000E+00	9628
Dcbld1	chr10:52233618-52321378	0	0.0	0.0	0.000	1.000E+00	9628
Dcstamp	chr15:39745929-39760938	0	0.0	0.0	0.000	1.000E+00	9628
Edil3	chr13:88821471-89323225	0	0.0	0.0	0.000	1.000E+00	9628
Epo	chr5:137483019-137485816	0	0.0	0.0	0.000	1.000E+00	9628
Ghrh	chr2:157329495-157346655	0	0.0	0.0	0.000	1.000E+00	9628
Ghrhr	chr6:55376294-55388530	0	0.0	0.0	0.000	1.000E+00	9628
Ifna1	chr4:88850086-88850656	0	0.0	0.0	0.000	1.000E+00	9628
Ifna11	chr4:88819918-88820565	0	0.0	0.0	0.000	1.000E+00	9628
Ifna12	chr4:88602579-88603376	0	0.0	0.0	0.000	1.000E+00	9628
Ifna13	chr4:88643640-88644459	0	0.0	0.0	0.000	1.000E+00	9628
Ifna14	chr4:88571228-88571798	0	0.0	0.0	0.000	1.000E+00	9628
Ifna15	chr4:88557672-88558245	0	0.0	0.0	0.000	1.000E+00	9628
Ifna16	chr4:88676286-88676856	0	0.0	0.0	0.000	1.000E+00	9628
Ifna2	chr4:88683206-88683779	0	0.0	0.0	0.000	1.000E+00	9628
Ifna4	chr4:88841815-88842459	0	0.0	0.0	0.000	1.000E+00	9628
Ifna5	chr4:88835524-88836094	0	0.0	0.0	0.000	1.000E+00	9628
Ifna6	chr4:88827415-88827985	0	0.0	0.0	0.000	1.000E+00	9628
Ifna7	chr4:88816224-88816800	0	0.0	0.0	0.000	1.000E+00	9628
Ifnb1	chr4:88522024-88522794	0	0.0	0.0	0.000	1.000E+00	9628
Ifne	chr4:88879537-88880201	0	0.0	0.0	0.000	1.000E+00	9628
Ifngas1	chr10:118502034-118556525	0	0.0	0.0	0.000	1.000E+00	9628
Ifnk	chr4:35152054-35154019	0	0.0	0.0	0.000	1.000E+00	9628
Ifnl2	chr7:28508860-28510360	0	0.0	0.0	0.000	1.000E+00	9628
Ifnl3	chr7:28522835-28524322	0	0.0	0.0	0.000	1.000E+00	9628
Ifnlr1	chr4:135686456-135708180	0	0.0	0.0	0.000	1.000E+00	9628
Il11ra2	chr4:42158115-42168604	0	0.0	0.0	0.000	1.000E+00	9628
Il12a	chr3:68691423-68698550	0	0.0	0.0	0.000	1.000E+00	9628
Il12b	chr11:44400062-44414677	0	0.0	0.0	0.000	1.000E+00	9628
Il13	chr11:53631322-53634702	0	0.0	0.0	0.000	1.000E+00	9628
Il13ra1	chrX:36112107-36171261	0	0.0	0.0	0.000	1.000E+00	9628
Il13ra2	chrX:147383477-147429192	0	0.0	0.0	0.000	1.000E+00	9628
Il15	chr8:82331623-82402586	0	0.0	0.0	0.000	1.000E+00	9628
Il19	chr1:130932655-130940115	0	0.0	0.0	0.000	1.000E+00	9628
Il2	chr3:37120715-37125954	0	0.0	0.0	0.000	1.000E+00	9628
Il20	chr1:130906984-130911296	0	0.0	0.0	0.000	1.000E+00	9628
Il20ra	chr10:19712586-19760053	0	0.0	0.0	0.000	1.000E+00	9628
Il22	chr10:118204963-118210046	0	0.0	0.0	0.000	1.000E+00	9628
Il22ra1	chr4:135728158-135755383	0	0.0	0.0	0.000	1.000E+00	9628
Il22ra2	chr10:19622027-19634681	0	0.0	0.0	0.000	1.000E+00	9628
Il23r	chr6:67422931-67491855	0	0.0	0.0	0.000	1.000E+00	9628
Il24	chr1:130882073-130887411	0	0.0	0.0	0.000	1.000E+00	9628
Il25	chr14:54932694-54935836	0	0.0	0.0	0.000	1.000E+00	9628
Il27ra	chr8:84030285-84042575	0	0.0	0.0	0.000	1.000E+00	9628
Il3	chr11:54265084-54267279	0	0.0	0.0	0.000	1.000E+00	9628
Il31	chr5:123480152-123482101	0	0.0	0.0	0.000	1.000E+00	9628
Il31ra	chr13:112522806-112580662	0	0.0	0.0	0.000	1.000E+00	9628
Il33	chr19:29925112-29960717	0	0.0	0.0	0.000	1.000E+00	9628
Il34	chr8:110741828-110805924	0	0.0	0.0	0.000	1.000E+00	9628
Il4	chr11:53612460-53617338	0	0.0	0.0	0.000	1.000E+00	9628
Il4i1	chr7:44836287-44840809	0	0.0	0.0	0.000	1.000E+00	9628
Il5ra	chr6:106710378-106749037	0	0.0	0.0	0.000	1.000E+00	9628
Il6	chr5:30013113-30019975	0	0.0	0.0	0.000	1.000E+00	9628
Il6st	chr13:112464069-112506860	0	0.0	0.0	0.000	1.000E+00	9628
Il7	chr3:7572027-7613760	0	0.0	0.0	0.000	1.000E+00	9628
Il9	chr13:56479276-56482246	0	0.0	0.0	0.000	1.000E+00	9628
Lep	chr6:29060220-29073876	0	0.0	0.0	0.000	1.000E+00	9628
Lepr	chr4:101717406-101815354	0	0.0	0.0	0.000	1.000E+00	9628
Mpl	chr4:118442414-118457513	0	0.0	0.0	0.000	1.000E+00	9628
Mycbpap	chr11:94501346-94521502	0	0.0	0.0	0.000	1.000E+00	9628
Mycl	chr4:122995930-123002480	0	0.0	0.0	0.000	1.000E+00	9628
Mycn	chr12:12936092-12941836	0	0.0	0.0	0.000	1.000E+00	9628
Mycs	chrX:5466903-5469265	0	0.0	0.0	0.000	1.000E+00	9628
Myct1	chr10:5593727-5606791	0	0.0	0.0	0.000	1.000E+00	9628
Ocstamp	chr2:165395449-165400394	0	0.0	0.0	0.000	1.000E+00	9628
Oprl1	chr2:181715015-181720985	0	0.0	0.0	0.000	1.000E+00	9628
Osmr	chr15:6813576-6874313	0	0.0	0.0	0.000	1.000E+00	9628
Pias2	chr18:77065207-77155708	0	0.0	0.0	0.000	1.000E+00	9628
Piwil4	chr9:14702357-14740733	0	0.0	0.0	0.000	1.000E+00	9628
Prl	chr13:27057569-27065203	0	0.0	0.0	0.000	1.000E+00	9628
Prl2a1	chr13:27801654-27808716	0	0.0	0.0	0.000	1.000E+00	9628
Prl2b1	chr13:27383344-27390846	0	0.0	0.0	0.000	1.000E+00	9628
Prl2c1	chr13:27849340-27857790	0	0.0	0.0	0.000	1.000E+00	9628
Prl2c2	chr13:12996123-13005330	0	0.0	0.0	0.000	1.000E+00	9628
Prl2c3	chr13:12790820-12800079	0	0.0	0.0	0.000	1.000E+00	9628
Prl2c4	chr13:12790817-12800058	0	0.0	0.0	0.000	1.000E+00	9628
Prl2c5	chr13:13182715-13191925	0	0.0	0.0	0.000	1.000E+00	9628
Prl3a1	chr13:27259488-27276660	0	0.0	0.0	0.000	1.000E+00	9628
Prl3b1	chr13:27242429-27249740	0	0.0	0.0	0.000	1.000E+00	9628
Prl3c1	chr13:27196659-27203750	0	0.0	0.0	0.000	1.000E+00	9628
Prl3d1	chr13:27094188-27100260	0	0.0	0.0	0.000	1.000E+00	9628
Prl3d2	chr13:27121694-27127554	0	0.0	0.0	0.000	1.000E+00	9628
Prl3d3	chr13:27156793-27162592	0	0.0	0.0	0.000	1.000E+00	9628
Prl4a1	chr13:28016222-28023546	0	0.0	0.0	0.000	1.000E+00	9628
Prl5a1	chr13:28142483-28151595	0	0.0	0.0	0.000	1.000E+00	9628
Prl6a1	chr13:27312626-27319252	0	0.0	0.0	0.000	1.000E+00	9628
Prl7a1	chr13:27633363-27642493	0	0.0	0.0	0.000	1.000E+00	9628
Prl7a2	chr13:27658583-27668036	0	0.0	0.0	0.000	1.000E+00	9628
Prl7b1	chr13:27601818-27610582	0	0.0	0.0	0.000	1.000E+00	9628
Prl7c1	chr13:27773494-27780804	0	0.0	0.0	0.000	1.000E+00	9628
Prl7d1	chr13:27708997-27716736	0	0.0	0.0	0.000	1.000E+00	9628
Prl8a1	chr13:27573921-27582171	0	0.0	0.0	0.000	1.000E+00	9628
Prl8a2	chr13:27345672-27354215	0	0.0	0.0	0.000	1.000E+00	9628
Prl8a6	chr13:27432680-27438688	0	0.0	0.0	0.000	1.000E+00	9628
Prl8a8	chr13:27506967-27513217	0	0.0	0.0	0.000	1.000E+00	9628
Prl8a9	chr13:27557995-27564606	0	0.0	0.0	0.000	1.000E+00	9628
Prlh	chr1:90953107-90954012	0	0.0	0.0	0.000	1.000E+00	9628
Prlhr	chr19:60466732-60468304	0	0.0	0.0	0.000	1.000E+00	9628
Prlr	chr15:10293650-10345782	0	0.0	0.0	0.000	1.000E+00	9628
Rprl1	chr6:69326936-69327174	0	0.0	0.0	0.000	1.000E+00	9628
Rprl2	chr3:22251369-22251607	0	0.0	0.0	0.000	1.000E+00	9628
Rprl3	chr8:3803124-3803361	0	0.0	0.0	0.000	1.000E+00	9628
Spry2	chr14:105891946-105896819	0	0.0	0.0	0.000	1.000E+00	9628
Spry4	chr18:38586246-38601347	0	0.0	0.0	0.000	1.000E+00	9628
Stam	chr2:14074099-14148330	0	0.0	0.0	0.000	1.000E+00	9628
Stamos	chr2:14070332-14073934	0	0.0	0.0	0.000	1.000E+00	9628
Tpo	chr12:30054660-30132624	0	0.0	0.0	0.000	1.000E+00	9628
Tslp	chr18:32815382-32819799	0	0.0	0.0	0.000	1.000E+00	9628
Mplkip	chr13:17695412-17699112	0	0.0	-0.37	2.537	3.187E-05	9783
Grb2	chr11:115644044-115708597	0	0.0	-0.0	0.000	1.000E+00	9792
Il5	chr11:53720793-53725103	0	0.0	-0.0	0.000	1.000E+00	9832
Mycbp	chr4:123905012-123912250	1	0.0	-0.0	0.000	1.000E+00	9842
Epor	chr9:21958898-21963576	0	0.0	-0.0	0.000	1.000E+00	9875
Carmil3	chr14:55491069-55508272	0	0.0	-0.0	0.000	1.000E+00	10048
Hgh1	chr15:76368897-76371411	0	0.0	-0.0	0.000	1.000E+00	10072
Pias4	chr10:81153965-81167720	0	0.0	-0.001	0.000	1.000E+00	10366
Nprl3	chr11:32231962-32267707	0	0.0	-0.033	-1.197	2.344E-02	10514
Piwil2	chr14:70372476-70436898	0	0.0	-0.004	0.000	1.000E+00	10531
Ppil3	chr1:58433786-58445486	0	0.0	-0.308	-1.103	5.826E-03	10670
Pik3r3	chr4:116221415-116303056	0	0.0	-0.284	0.000	1.000E+00	11012
Dbil5	chr11:76217612-76218665	0	0.0	-0.322	0.000	1.000E+00	11087
