MAG12	k__Bacteria (UID203)	5449	104	58	62	40	2	0	0	0	63.43	3.45	100.00
MAG122	k__Bacteria (UID203)	5449	104	58	68	33	2	1	0	0	55.17	6.90	100.00
MAG124	k__Bacteria (UID203)	5449	99	53	37	48	9	5	0	0	51.42	7.92	54.17
MAG172	k__Bacteria (UID203)	5449	103	57	64	37	2	0	0	0	55.44	3.51	50.00
MAG186	k__Bacteria (UID203)	5449	104	58	5	83	16	0	0	0	96.24	5.90	37.50
MAG195	k__Bacteria (UID203)	5449	104	58	46	43	15	0	0	0	68.97	6.58	0.00
MAG230	k__Bacteria (UID203)	5449	104	58	65	37	2	0	0	0	57.76	3.45	100.00
MAG264	k__Bacteria (UID203)	5449	104	58	69	33	2	0	0	0	51.21	3.45	100.00
MAG272	k__Bacteria (UID203)	5449	104	58	68	36	0	0	0	0	50.31	0.00	0.00
MAG44	k__Bacteria (UID203)	5449	104	58	61	43	0	0	0	0	65.52	0.00	0.00
MAG7	k__Bacteria (UID203)	5449	104	58	61	43	0	0	0	0	62.07	0.00	0.00
